ADI Down Mean:
Gyro:  (-7.45078e-05, 0.00312718, -0.0493971)
Accel: (-9.85531, -0.0302, -0.399007)
