LN100 Down Mean:
Gyro:  (-0.0033295, 0.00253473, -0.000201541)
Accel: (-9.80714, -0.0503657, -0.0600164)
