MEMS Up Mean:
  Gyro:  (-0.00222473, -0.00498468, -0.0454438)
  Accel: (9.86308, 0.187374, -0.186061)
