RLG Up Mean:
  Gyro:  (0.0031885, 0.00255186, 0.000347231)
  Accel: (9.80629, -0.00577113, 0.0575998)
